Smax_mean,<S^2>_mean,c,dev_Smax_mean,dev_<S^2>_mean
0.002,0.998,0.001,9.22285e-20,1.65273e-16
0.002,1,0.002,9.22285e-20,0
0.002015,1.00196,0.003,8.61663e-06,2.58499e-05
0.002025,1.00392,0.004,1.10674e-05,3.32022e-05
0.00205,1.00585,0.005,1.69984e-05,5.09951e-05
0.002075,1.00778,0.006,2.11925e-05,6.35774e-05
0.002085,1.00974,0.007,2.2166e-05,6.6498e-05
0.00212,1.01164,0.008,2.51228e-05,7.53684e-05
0.00214,1.01359,0.009,2.65618e-05,7.86794e-05
0.00219,1.01544,0.01,2.95613e-05,8.7867e-05
0.002235,1.01731,0.011,3.24676e-05,9.60469e-05
0.00227,1.01922,0.012,3.37817e-05,9.95366e-05
0.00228,1.02119,0.013,3.41148e-05,0.000100599
0.00233,1.02306,0.014,3.62224e-05,0.000106247
0.002365,1.02497,0.015,3.69554e-05,0.000108294
0.00242,1.02685,0.016,4.21531e-05,0.0001192
0.00246,1.02877,0.017,4.36063e-05,0.000122722
0.00251,1.03065,0.018,4.36926e-05,0.000121496
0.002535,1.03263,0.019,4.36279e-05,0.000118923
0.00256,1.03466,0.02,4.40648e-05,0.000121639
0.002585,1.03668,0.021,4.38576e-05,0.000119239
0.002635,1.0386,0.022,4.49329e-05,0.000123821
0.002665,1.04058,0.023,4.55439e-05,0.0001298
0.002725,1.0426,0.024,4.42341e-05,0.000132638
0.0028,1.04454,0.025,4.36984e-05,0.000133533
0.002835,1.04655,0.026,4.29897e-05,0.000137402
0.002865,1.04858,0.027,4.35125e-05,0.000139892
0.00292,1.05056,0.028,4.21531e-05,0.000140466
0.00296,1.0526,0.029,4.06233e-05,0.000147168
0.002975,1.05476,0.03,4.03736e-05,0.000149535
0.002995,1.05692,0.031,4.04109e-05,0.000153672
0.003015,1.05915,0.032,3.97716e-05,0.000155162
0.003045,1.06121,0.033,3.96578e-05,0.000160852
0.00308,1.06328,0.034,3.84106e-05,0.000168075
0.0031,1.06536,0.035,3.94688e-05,0.000173211
0.00314,1.0674,0.036,3.88529e-05,0.000172769
0.00316,1.06953,0.037,3.84629e-05,0.000175641
0.00318,1.07173,0.038,3.80161e-05,0.000180829
0.003205,1.07398,0.039,3.70369e-05,0.000191329
0.003225,1.07612,0.04,3.71318e-05,0.000197718
0.00325,1.07827,0.041,3.80095e-05,0.000203451
0.00327,1.08052,0.042,3.86389e-05,0.000218487
0.0033,1.08268,0.043,3.8827e-05,0.00022313
0.003335,1.08485,0.044,4.02739e-05,0.000226742
0.003355,1.08708,0.045,4.06588e-05,0.000233494
0.00337,1.08925,0.046,4.09129e-05,0.000244615
0.003385,1.09152,0.047,4.1138e-05,0.000246786
0.003415,1.09372,0.048,4.0893e-05,0.000251222
0.00343,1.09596,0.049,4.16434e-05,0.000257826
0.00345,1.0983,0.05,4.29736e-05,0.000267691
0.00347,1.10064,0.051,4.36466e-05,0.000277193
0.003485,1.10292,0.052,4.25196e-05,0.000284329
0.0035,1.10534,0.053,4.31196e-05,0.000289553
0.00354,1.10758,0.054,4.47438e-05,0.000289807
0.00356,1.10987,0.055,4.51908e-05,0.000292993
0.00357,1.11233,0.056,4.5672e-05,0.000305815
0.00359,1.11458,0.057,4.60445e-05,0.000308291
0.00362,1.11686,0.058,4.56995e-05,0.000318448
0.003645,1.11929,0.059,4.58847e-05,0.000324957
0.003675,1.12159,0.06,4.90807e-05,0.000317821
0.00371,1.12393,0.061,4.89025e-05,0.000324967
0.003735,1.1262,0.062,4.88447e-05,0.000322856
0.00376,1.12865,0.063,4.97431e-05,0.000326143
0.003775,1.13109,0.064,5.08409e-05,0.000332086
0.003825,1.13355,0.065,5.27807e-05,0.000350068
0.00385,1.13597,0.066,5.29293e-05,0.000362703
0.003885,1.13848,0.067,5.36026e-05,0.000359856
0.00392,1.1409,0.068,5.41541e-05,0.000377242
0.003955,1.14326,0.069,5.41251e-05,0.000385965
0.00397,1.1458,0.07,5.48685e-05,0.000403627
0.003995,1.14825,0.071,5.55907e-05,0.000405056
0.00402,1.15072,0.072,5.75723e-05,0.000414569
0.004045,1.15329,0.073,5.85836e-05,0.000430776
0.004065,1.15579,0.074,5.93421e-05,0.000443507
0.00411,1.15837,0.075,5.92202e-05,0.000449305
0.00418,1.16073,0.076,5.87816e-05,0.00046043
0.004215,1.1632,0.077,5.88318e-05,0.000463019
0.00428,1.1658,0.078,6.14564e-05,0.000468774
0.0043,1.16821,0.079,6.26067e-05,0.000477777
0.00432,1.17096,0.08,6.25103e-05,0.00048328
0.00433,1.17382,0.081,6.34478e-05,0.000508509
0.004345,1.17654,0.082,6.32446e-05,0.000523175
0.004375,1.17909,0.083,6.39714e-05,0.000535832
0.00441,1.18166,0.084,6.4656e-05,0.000552038
0.00443,1.18439,0.085,6.47803e-05,0.000566874
0.00446,1.18688,0.086,6.60592e-05,0.000569252
0.004485,1.1894,0.087,6.57303e-05,0.000585542
0.004545,1.19195,0.088,6.64224e-05,0.000624347
0.00457,1.19448,0.089,6.66914e-05,0.000620178
0.00459,1.19717,0.09,6.69471e-05,0.000629553
0.00462,1.19983,0.091,7.00179e-05,0.000638588
0.00465,1.20257,0.092,7.04437e-05,0.000639508
0.00469,1.20541,0.093,6.95968e-05,0.000657435
0.004705,1.20815,0.094,6.90195e-05,0.000665069
0.004715,1.21091,0.095,6.92303e-05,0.000675812
0.00474,1.21372,0.096,6.91804e-05,0.000679053
0.00477,1.21643,0.097,6.86225e-05,0.000698041
0.00483,1.21925,0.098,7.0215e-05,0.000717784
0.004855,1.22199,0.099,7.03178e-05,0.000721929
0.00488,1.22491,0.1,7.17898e-05,0.000718149
0.004895,1.22762,0.101,7.06742e-05,0.000720716
0.004925,1.23051,0.102,7.01533e-05,0.00072566
0.00495,1.23342,0.103,7.04437e-05,0.000739189
0.004985,1.23612,0.104,7.03464e-05,0.000747934
0.005025,1.2389,0.105,7.13958e-05,0.000747747
0.005065,1.24177,0.106,7.50469e-05,0.000753417
0.005095,1.2447,0.107,7.55541e-05,0.000778279
0.00515,1.24738,0.108,8.5287e-05,0.000783516
0.00519,1.25002,0.109,8.72212e-05,0.000779285
0.00521,1.25283,0.11,8.69904e-05,0.000792874
0.00526,1.25606,0.111,8.65996e-05,0.000825706
0.005295,1.25915,0.112,8.67612e-05,0.000852666
0.005325,1.26188,0.113,8.73788e-05,0.000880275
0.00538,1.26477,0.114,8.89808e-05,0.000887113
0.005405,1.26778,0.115,8.91325e-05,0.000906284
0.00547,1.2705,0.116,9.213e-05,0.000906093
0.005525,1.27325,0.117,9.34911e-05,0.000926847
0.00554,1.27649,0.118,9.26549e-05,0.000950747
0.005565,1.27969,0.119,9.31248e-05,0.000960219
0.005575,1.2828,0.12,9.30871e-05,0.000975831
0.00559,1.2858,0.121,9.329e-05,0.000997333
0.005605,1.2892,0.122,9.32111e-05,0.00102432
0.00563,1.29215,0.123,9.30526e-05,0.00104246
0.00564,1.29522,0.124,9.29797e-05,0.00106484
0.00566,1.29846,0.125,9.33573e-05,0.00107638
0.005685,1.30191,0.126,9.39308e-05,0.00108329
0.005715,1.30508,0.127,9.49418e-05,0.00108992
0.00574,1.30846,0.128,9.622e-05,0.00110717
0.00577,1.31151,0.129,9.71219e-05,0.0011161
0.00579,1.31452,0.13,9.70909e-05,0.00112899
0.00581,1.31798,0.131,9.70391e-05,0.00113339
0.005885,1.32087,0.132,9.59422e-05,0.00116261
0.005905,1.32429,0.133,9.60521e-05,0.00116364
0.00593,1.32756,0.134,9.49769e-05,0.0011887
0.00595,1.33081,0.135,9.6092e-05,0.00119779
0.005975,1.33435,0.136,9.54854e-05,0.00120934
0.00602,1.33759,0.137,9.58852e-05,0.00122327
0.00604,1.34111,0.138,9.63766e-05,0.00124944
0.00607,1.34454,0.139,9.57672e-05,0.00126895
0.006085,1.34793,0.14,9.60992e-05,0.00128521
0.006135,1.35108,0.141,9.63342e-05,0.00127978
0.00616,1.35443,0.142,9.62722e-05,0.00128932
0.006185,1.35754,0.143,9.5916e-05,0.0013017
0.006195,1.36113,0.144,9.55538e-05,0.00131108
0.00623,1.36473,0.145,9.60815e-05,0.00130857
0.006245,1.3681,0.146,9.68077e-05,0.00134466
0.006305,1.37179,0.147,9.8786e-05,0.00135106
0.00634,1.37538,0.148,0.000100611,0.00135574
0.006365,1.37875,0.149,0.000101293,0.00137483
0.00641,1.38242,0.15,0.000103261,0.00137672
0.00643,1.38604,0.151,0.000104307,0.00139534
0.006455,1.38953,0.152,0.000104856,0.00140437
0.006505,1.39313,0.153,0.000109819,0.00143818
0.006555,1.39646,0.154,0.00010975,0.00144551
0.006595,1.39995,0.155,0.000109153,0.00144755
0.00664,1.40379,0.156,0.000110285,0.00145053
0.00668,1.40737,0.157,0.000115997,0.00148196
0.00673,1.41118,0.158,0.000114898,0.00149456
0.00678,1.41473,0.159,0.000115867,0.00151058
0.006815,1.41854,0.16,0.000115632,0.00152013
0.006855,1.42198,0.161,0.000116782,0.00153679
0.006875,1.42571,0.162,0.000116252,0.00156644
0.00697,1.42966,0.163,0.00012439,0.00157085
0.007,1.43311,0.164,0.000125213,0.00158753
0.00706,1.43695,0.165,0.000128509,0.00155507
0.007095,1.44107,0.166,0.000130249,0.00158216
0.007175,1.44494,0.167,0.000131752,0.00161507
0.007195,1.44838,0.168,0.000130653,0.00162307
0.00724,1.45249,0.169,0.000130757,0.00164787
0.007265,1.45644,0.17,0.000130225,0.00166428
0.00729,1.45999,0.171,0.000131208,0.00168751
0.00734,1.46416,0.172,0.000132513,0.00170061
0.007365,1.468,0.173,0.000132084,0.00172288
0.00742,1.47174,0.174,0.000135313,0.00174787
0.007455,1.47599,0.175,0.000135579,0.00177698
0.007465,1.47985,0.176,0.000135409,0.00181242
0.007505,1.48406,0.177,0.000135245,0.00182203
0.007565,1.48806,0.178,0.000136094,0.00185818
0.00763,1.49182,0.179,0.000136044,0.0018609
0.00766,1.4964,0.18,0.000139533,0.00188406
0.007715,1.50057,0.181,0.000139341,0.00191763
0.007775,1.50454,0.182,0.000139172,0.00195308
0.007815,1.50879,0.183,0.000141079,0.00197467
0.00783,1.51288,0.184,0.000141973,0.00197945
0.00784,1.517,0.185,0.000143439,0.00199761
0.00787,1.52134,0.186,0.000146536,0.00204592
0.00795,1.52552,0.187,0.00014644,0.00203934
0.00798,1.5304,0.188,0.000148689,0.00207364
0.00806,1.53473,0.189,0.000150149,0.00207008
0.00814,1.53849,0.19,0.00014904,0.00210673
0.0082,1.54234,0.191,0.000147679,0.00213321
0.00822,1.54666,0.192,0.000147365,0.00216395
0.008265,1.55079,0.193,0.00014793,0.00217839
0.008305,1.55507,0.194,0.00014974,0.00220162
0.00833,1.55954,0.195,0.000149893,0.00225345
0.008395,1.5639,0.196,0.0001577,0.00226675
0.008425,1.56867,0.197,0.000158104,0.00229166
0.00847,1.57304,0.198,0.000155778,0.00233753
0.00851,1.57726,0.199,0.000156113,0.002345
0.008585,1.58209,0.2,0.000155191,0.00234356
0.008615,1.58696,0.201,0.000154607,0.00232812
0.00863,1.59177,0.202,0.000154872,0.00232847
0.008675,1.59639,0.203,0.000153508,0.00235239
0.00873,1.60137,0.204,0.000154287,0.00240689
0.00875,1.60648,0.205,0.000154131,0.00241806
0.008815,1.6115,0.206,0.000155644,0.00245354
0.008905,1.61628,0.207,0.000166035,0.00245238
0.009,1.62095,0.208,0.000170721,0.00245504
0.009075,1.62605,0.209,0.000171153,0.00252145
0.00916,1.63056,0.21,0.000174569,0.00252098
0.009245,1.63525,0.211,0.000176153,0.00255489
0.00931,1.64012,0.212,0.000176281,0.00258018
0.009365,1.64495,0.213,0.00017625,0.00262094
0.00941,1.64958,0.214,0.000178096,0.00265955
0.00944,1.65495,0.215,0.000178582,0.00273148
0.00947,1.65985,0.216,0.000178056,0.00274641
0.009535,1.66515,0.217,0.000178193,0.00281716
0.00962,1.66969,0.218,0.000181778,0.00282148
0.0097,1.6744,0.219,0.000190345,0.00282165
0.009745,1.67918,0.22,0.000191791,0.00282944
0.00978,1.68425,0.221,0.000192597,0.00289669
0.009815,1.68956,0.222,0.000192455,0.00298858
0.009865,1.69439,0.223,0.000193834,0.00299981
0.009885,1.6997,0.224,0.00019338,0.00305642
0.00994,1.70505,0.225,0.000194735,0.00306354
0.00999,1.71087,0.226,0.000197088,0.00309384
0.01005,1.71632,0.227,0.000198328,0.00307438
0.01011,1.72194,0.228,0.000198334,0.00306707
0.010205,1.72643,0.229,0.000201913,0.00307817
0.01028,1.73274,0.23,0.000200271,0.00316731
0.01033,1.73858,0.231,0.000199259,0.00320367
0.01038,1.74459,0.232,0.000199693,0.00329746
0.01048,1.74958,0.233,0.000210642,0.00329109
0.010515,1.75501,0.234,0.000212425,0.00336008
0.01055,1.76083,0.235,0.000212753,0.0034094
0.010605,1.76589,0.236,0.000213948,0.00346402
0.010615,1.77167,0.237,0.000214509,0.00352167
0.010655,1.77762,0.238,0.000214616,0.003538
0.0107,1.78343,0.239,0.000214546,0.00352339
0.010745,1.78924,0.24,0.000214663,0.00358645
0.010835,1.79488,0.241,0.000216502,0.00366872
0.0109,1.8006,0.242,0.000216644,0.00368484
0.011035,1.80593,0.243,0.000218765,0.00386468
0.01111,1.81136,0.244,0.000217892,0.00388645
0.01118,1.81744,0.245,0.000219268,0.00394507
0.01122,1.82358,0.246,0.000220684,0.00393912
0.011295,1.83021,0.247,0.000220415,0.00398758
0.011375,1.83572,0.248,0.000220943,0.00403378
0.01144,1.84211,0.249,0.000220397,0.0041417
0.011545,1.84797,0.25,0.000226154,0.00426663
0.011575,1.85377,0.251,0.000225335,0.00427625
0.011625,1.85902,0.252,0.000224217,0.00433622
0.0117,1.86504,0.253,0.000225954,0.00430649
0.01181,1.87202,0.254,0.000230293,0.00433021
0.011875,1.87893,0.255,0.000231223,0.00444063
0.01195,1.88577,0.256,0.000234119,0.00458836
0.012045,1.89153,0.257,0.000235248,0.00465348
0.01209,1.8983,0.258,0.00023545,0.00465949
0.01218,1.90505,0.259,0.000237,0.00475735
0.01221,1.91205,0.26,0.000235813,0.0048282
0.012235,1.91842,0.261,0.000236811,0.00479855
0.012285,1.92588,0.262,0.000237065,0.00490931
0.012415,1.93189,0.263,0.000241673,0.00497569
0.012565,1.9385,0.264,0.000260804,0.0050831
0.012635,1.94533,0.265,0.000261151,0.00510033
0.012725,1.95173,0.266,0.000266556,0.00512715
0.01275,1.95821,0.267,0.000266915,0.00517351
0.012895,1.96547,0.268,0.000269319,0.00523343
0.012945,1.972,0.269,0.000271807,0.00527269
0.013025,1.97954,0.27,0.00027468,0.00536785
0.013065,1.9866,0.271,0.000274739,0.00540722
0.01313,1.99425,0.272,0.000276855,0.00548078
0.013295,2.00052,0.273,0.000290364,0.00555154
0.013375,2.00769,0.274,0.000293603,0.00570659
0.013445,2.01511,0.275,0.000296351,0.00572377
0.013505,2.0225,0.276,0.000296715,0.00582151
0.01358,2.03062,0.277,0.000295558,0.00588513
0.01374,2.03831,0.278,0.000311847,0.00597325
0.01381,2.04597,0.279,0.000311213,0.00609648
0.013865,2.05325,0.28,0.000313489,0.00618625
0.01394,2.05988,0.281,0.000313165,0.00623851
0.014045,2.06678,0.282,0.000317599,0.00623289
0.01413,2.074,0.283,0.000323168,0.00626989
0.014215,2.08159,0.284,0.000325999,0.00628608
0.01439,2.08758,0.285,0.000335788,0.00630533
0.01455,2.09468,0.286,0.000342306,0.00644687
0.014635,2.1028,0.287,0.000346858,0.006489
0.01469,2.11052,0.288,0.000349687,0.00656248
0.01479,2.11837,0.289,0.00035427,0.00656062
0.015,2.1251,0.29,0.000370183,0.00664721
0.015135,2.1333,0.291,0.000378019,0.00676472
0.015255,2.13977,0.292,0.000383517,0.00691257
0.015315,2.14746,0.293,0.000382571,0.00691473
0.015355,2.15611,0.294,0.000382395,0.00688029
0.015455,2.16431,0.295,0.000385725,0.00692794
0.015575,2.17219,0.296,0.000389139,0.00702388
0.015725,2.17909,0.297,0.000407402,0.00731757
0.01577,2.18764,0.298,0.000405658,0.00735273
0.01586,2.19544,0.299,0.000405678,0.00747388
0.01608,2.20407,0.3,0.000419521,0.00760415
0.01623,2.2122,0.301,0.000426904,0.00769479
0.01634,2.22196,0.302,0.000434645,0.00809839
0.016505,2.23121,0.303,0.000441161,0.008427
0.0166,2.24114,0.304,0.000446426,0.00858047
0.016695,2.24946,0.305,0.000443275,0.00869629
0.016805,2.2581,0.306,0.000449327,0.00888983
0.016975,2.26694,0.307,0.00045404,0.00899878
0.01716,2.27487,0.308,0.000453431,0.00903413
0.01726,2.28385,0.309,0.000462527,0.00905679
0.01739,2.29129,0.31,0.00046887,0.00913569
0.01757,2.29934,0.311,0.00046762,0.00915219
0.017715,2.30761,0.312,0.000468311,0.00925791
0.017825,2.31627,0.313,0.0004681,0.00941798
0.01789,2.32778,0.314,0.000468977,0.00973966
0.018015,2.33659,0.315,0.000476191,0.0100243
0.01808,2.34482,0.316,0.000478238,0.0100537
0.01821,2.35241,0.317,0.000480713,0.0100726
0.018415,2.35875,0.318,0.000482575,0.0101165
0.018475,2.36864,0.319,0.000484116,0.0101507
0.01862,2.37849,0.32,0.000486685,0.0107931
0.01872,2.38818,0.321,0.000493279,0.0108566
0.018855,2.39697,0.322,0.000496642,0.0110074
0.019045,2.40512,0.323,0.000494863,0.0111747
0.01916,2.41704,0.324,0.000495885,0.0113056
0.01929,2.42653,0.325,0.000496196,0.0113724
0.019485,2.43755,0.326,0.000500551,0.0116591
0.019515,2.45054,0.327,0.000502005,0.0118467
0.01965,2.4608,0.328,0.000506875,0.0120396
0.01975,2.47281,0.329,0.000507865,0.0120371
0.01985,2.48364,0.33,0.000510037,0.0120363
0.02003,2.49237,0.331,0.000508763,0.0121125
0.020105,2.50013,0.332,0.000508194,0.0122149
0.02024,2.51099,0.333,0.000509717,0.0123857
0.020355,2.52268,0.334,0.00051441,0.0124258
0.02056,2.53103,0.335,0.000517272,0.0125484
0.020695,2.54319,0.336,0.000524965,0.0127284
0.02085,2.55408,0.337,0.000531791,0.0127807
0.021045,2.56574,0.338,0.000541555,0.0127951
0.02122,2.57521,0.339,0.000558586,0.0129836
0.02138,2.58554,0.34,0.000560535,0.0131106
0.02157,2.5965,0.341,0.000561697,0.0131526
0.02167,2.60782,0.342,0.000561052,0.0133696
0.021745,2.62032,0.343,0.000561002,0.0136071
0.02191,2.63237,0.344,0.000569898,0.0147437
0.021985,2.64699,0.345,0.000575264,0.015195
0.02209,2.65725,0.346,0.000575557,0.015171
0.02237,2.67027,0.347,0.000586631,0.0152582
0.022515,2.68012,0.348,0.000589139,0.0153838
0.022685,2.69202,0.349,0.000604031,0.0155181
0.022755,2.70384,0.35,0.000607925,0.0156622
0.02291,2.71642,0.351,0.00061084,0.0158669
0.023015,2.72822,0.352,0.000607635,0.0161211
0.02308,2.73918,0.353,0.000607961,0.0161775
0.023185,2.75141,0.354,0.000612355,0.0164449
0.02339,2.76411,0.355,0.000625135,0.0165416
0.02351,2.77693,0.356,0.000625986,0.0165508
0.023705,2.79323,0.357,0.000630578,0.0167039
0.02377,2.8062,0.358,0.000634665,0.0168524
0.02395,2.81749,0.359,0.000645033,0.0170907
0.024145,2.82739,0.36,0.000644357,0.0170344
0.024245,2.83905,0.361,0.000647706,0.0171862
0.02442,2.85525,0.362,0.000653339,0.0176453
0.02463,2.86945,0.363,0.000662313,0.0181823
0.02488,2.88243,0.364,0.000666219,0.0181476
0.025145,2.89228,0.365,0.000676876,0.0185505
0.02531,2.90782,0.366,0.000677951,0.0184952
0.02545,2.92256,0.367,0.000677742,0.0185362
0.02561,2.93482,0.368,0.000678596,0.018879
0.0258,2.94364,0.369,0.000686957,0.0189502
0.026215,2.95324,0.37,0.000703969,0.0191122
0.02635,2.96896,0.371,0.000705283,0.0191465
0.026535,2.9829,0.372,0.000707529,0.0191398
0.02674,2.99775,0.373,0.000713025,0.0192739
0.02681,3.01482,0.374,0.000712748,0.0192408
0.02702,3.03193,0.375,0.000717826,0.0195084
0.027295,3.04979,0.376,0.000728901,0.0204351
0.02746,3.0622,0.377,0.000735012,0.0204005
0.027975,3.06949,0.378,0.000758683,0.0208468
0.02804,3.08825,0.379,0.000759425,0.0211785
0.028305,3.10098,0.38,0.000769755,0.0213009
0.028495,3.11628,0.381,0.000771216,0.0216237
0.02882,3.12794,0.382,0.000771892,0.021697
0.029015,3.14076,0.383,0.00077445,0.0219435
0.02913,3.15442,0.384,0.000778812,0.0222842
0.02928,3.16734,0.385,0.000778969,0.0222581
0.029485,3.18147,0.386,0.000782246,0.0223655
0.029695,3.19618,0.387,0.000812348,0.0226996
0.029945,3.20984,0.388,0.000823591,0.0226221
0.03018,3.22514,0.389,0.000822967,0.0227628
0.03035,3.24355,0.39,0.000831985,0.0232977
0.03054,3.25837,0.391,0.00083437,0.0233243
0.030695,3.27431,0.392,0.000833446,0.0235374
0.03101,3.29091,0.393,0.000839119,0.0238087
0.03138,3.30603,0.394,0.000840063,0.0237684
0.03164,3.32576,0.395,0.000855783,0.0241976
0.031835,3.34237,0.396,0.0008677,0.0246706
0.032015,3.36551,0.397,0.000872283,0.0248549
0.032185,3.38198,0.398,0.000870657,0.0253485
0.032445,3.40361,0.399,0.000880375,0.0259003
0.03299,3.41003,0.4,0.000921109,0.0267166
0.03322,3.43319,0.401,0.000934653,0.0270681
0.03341,3.45452,0.402,0.000939961,0.0275783
0.033535,3.47557,0.403,0.000939124,0.0279686
0.03366,3.49293,0.404,0.000941837,0.0280134
0.033825,3.51791,0.405,0.00094141,0.0286259
0.03418,3.53045,0.406,0.000956589,0.0292688
0.03442,3.54797,0.407,0.000962366,0.0295887
0.034625,3.56916,0.408,0.000962055,0.0300219
0.03493,3.59087,0.409,0.000978321,0.0307973
0.03542,3.61087,0.41,0.000991708,0.0313459
0.035755,3.62936,0.411,0.00101747,0.0317817
0.03599,3.64903,0.412,0.001023,0.0319965
0.03643,3.66424,0.413,0.00104611,0.0325061
0.036785,3.69191,0.414,0.00105761,0.033229
0.03707,3.7137,0.415,0.00106527,0.0333586
0.037235,3.73323,0.416,0.00107072,0.0336357
0.03767,3.75276,0.417,0.00107669,0.0342824
0.037925,3.78002,0.418,0.00107943,0.0346457
0.03833,3.80294,0.419,0.00109209,0.0350983
0.03871,3.82691,0.42,0.00108943,0.0363735
0.039075,3.85472,0.421,0.00109122,0.0375762
0.039435,3.87537,0.422,0.00110737,0.0376129
0.039795,3.89408,0.423,0.00114506,0.0377559
0.04031,3.92397,0.424,0.00115952,0.0382425
0.04053,3.949,0.425,0.00115569,0.0385887
0.040985,3.96241,0.426,0.00116941,0.0386846
0.04153,3.98158,0.427,0.00119847,0.0392556
0.041955,4.00823,0.428,0.00119223,0.0400477
0.04236,4.02334,0.429,0.00121161,0.0402436
0.0427,4.04701,0.43,0.00123084,0.0408076
0.04317,4.07275,0.431,0.00125924,0.0413996
0.04377,4.08706,0.432,0.00130195,0.0403371
0.04416,4.11888,0.433,0.00132986,0.0421024
0.044505,4.14415,0.434,0.00133396,0.0427846
0.04497,4.16754,0.435,0.00135261,0.043647
0.045735,4.18276,0.436,0.00137781,0.0445348
0.04641,4.20211,0.437,0.00139125,0.0444203
0.04681,4.22683,0.438,0.00142452,0.0446781
0.04729,4.2504,0.439,0.00143682,0.0453391
0.04752,4.27182,0.44,0.0014558,0.0454306
0.04806,4.28981,0.441,0.00147552,0.0455956
0.048855,4.29934,0.442,0.00151227,0.0448287
0.049185,4.33067,0.443,0.0015095,0.0465633
0.04959,4.34701,0.444,0.00155333,0.0467635
0.049885,4.37021,0.445,0.00157084,0.0471262
0.050185,4.39871,0.446,0.00158311,0.0482546
0.050715,4.41733,0.447,0.00162724,0.048976
0.051285,4.43272,0.448,0.00166127,0.049685
0.051885,4.44878,0.449,0.00168931,0.0505239
0.05214,4.47971,0.45,0.001699,0.0515075
0.05279,4.48857,0.451,0.00176157,0.0524363
0.053085,4.51123,0.452,0.00176712,0.0523778
0.053575,4.53493,0.453,0.00178899,0.0528462
0.05413,4.55502,0.454,0.00179971,0.0528335
0.054565,4.58581,0.455,0.00183141,0.0536373
0.055005,4.61411,0.456,0.00183031,0.0538635
0.055975,4.62652,0.457,0.00187605,0.0549184
0.05644,4.657,0.458,0.00189768,0.0560824
0.056935,4.68746,0.459,0.00191215,0.0568237
0.05783,4.70721,0.46,0.00194625,0.0599836
0.05864,4.72567,0.461,0.00199062,0.0612381
0.05911,4.76537,0.462,0.00200695,0.0618895
0.059655,4.79537,0.463,0.00203002,0.062569
0.06019,4.82151,0.464,0.00204827,0.0638097
0.06055,4.85283,0.465,0.00205955,0.0644685
0.0611,4.87719,0.466,0.00209083,0.0653339
0.061605,4.91704,0.467,0.00210197,0.0669292
0.062225,4.9449,0.468,0.00213368,0.0685195
0.062715,4.97029,0.469,0.00213945,0.068988
0.06322,4.99861,0.47,0.00217017,0.0692713
0.0639,5.01399,0.471,0.00219705,0.0679444
0.064755,5.0505,0.472,0.00220636,0.068176
0.065565,5.06733,0.473,0.00222367,0.0679057
0.066485,5.09961,0.474,0.00223066,0.0702141
0.06688,5.1232,0.475,0.00223761,0.0707393
0.067595,5.16641,0.476,0.00227114,0.0727786
0.068455,5.1988,0.477,0.00230019,0.0741196
0.06899,5.23315,0.478,0.0022967,0.0744592
0.069895,5.23926,0.479,0.00234246,0.0751695
0.07069,5.25772,0.48,0.00239137,0.0765508
0.071995,5.2836,0.481,0.00244369,0.0785025
0.07283,5.30967,0.482,0.00245889,0.0792037
0.073905,5.33371,0.483,0.00246451,0.0805842
0.074825,5.34366,0.484,0.00247834,0.0822038
0.0756,5.37686,0.485,0.00248715,0.0839228
0.076085,5.43209,0.486,0.00251089,0.0868365
0.07683,5.47006,0.487,0.00254565,0.0886537
0.078025,5.49445,0.488,0.00260489,0.0878781
0.07921,5.54589,0.489,0.00262336,0.0916124
0.07982,5.58033,0.49,0.00262604,0.092772
0.080435,5.61742,0.491,0.00265261,0.0959083
0.08193,5.62588,0.492,0.00270392,0.0979336
0.083045,5.656,0.493,0.00271286,0.10033
0.08443,5.65422,0.494,0.00276562,0.0981499
0.085115,5.69137,0.495,0.00278477,0.100755
0.086495,5.718,0.496,0.00281488,0.104846
0.087365,5.73467,0.497,0.00285721,0.106234
0.08777,5.7889,0.498,0.00286227,0.107382
0.08886,5.8372,0.499,0.00286889,0.112736
0.08987,5.86692,0.5,0.00289228,0.113234
0.09063,5.91999,0.501,0.00294831,0.115933
0.09187,5.93545,0.502,0.00299673,0.117514
0.092625,5.97848,0.503,0.00299452,0.118489
0.094135,5.97559,0.504,0.00304927,0.117794
0.095775,5.96952,0.505,0.00311217,0.118523
0.096905,6.01182,0.506,0.00312037,0.122306
0.09833,6.02311,0.507,0.00316979,0.124729
0.09885,6.0668,0.508,0.00319541,0.126802
0.09948,6.11073,0.509,0.00321848,0.127682
0.10033,6.17281,0.51,0.00322991,0.132657
0.101985,6.19482,0.511,0.00325636,0.135148
0.102935,6.22558,0.512,0.00325477,0.138297
0.10444,6.22834,0.513,0.00332221,0.138501
0.10575,6.28383,0.514,0.00336939,0.142397
0.107225,6.32683,0.515,0.0034101,0.145986
0.109065,6.30402,0.516,0.00347794,0.144474
0.11025,6.37424,0.517,0.00353463,0.152892
0.111405,6.43276,0.518,0.00353933,0.15432
0.112185,6.49897,0.519,0.00358717,0.156173
0.113325,6.5651,0.52,0.00357028,0.159782
0.115165,6.60133,0.521,0.00355559,0.163983
0.11622,6.6476,0.522,0.00364083,0.167758
0.117175,6.67235,0.523,0.00366135,0.16956
0.118355,6.72951,0.524,0.00368354,0.17308
0.119535,6.75247,0.525,0.00371173,0.175128
0.121395,6.73761,0.526,0.0037404,0.177722
0.122445,6.80132,0.527,0.00379331,0.183374
0.12355,6.85179,0.528,0.00387157,0.187596
0.12441,6.9033,0.529,0.00386545,0.189897
0.12666,6.90043,0.53,0.00388056,0.189719
0.127875,6.91206,0.531,0.00395364,0.192541
0.128895,6.96602,0.532,0.00398573,0.196935
0.13029,6.98909,0.533,0.00404326,0.200507
0.13183,6.98758,0.534,0.00408442,0.203223
0.133475,7.06623,0.535,0.00408902,0.212922
0.135855,7.0561,0.536,0.004139,0.218313
0.137405,7.10373,0.537,0.00416984,0.220951
0.13898,7.15179,0.538,0.00418649,0.225105
0.14063,7.18013,0.539,0.0041739,0.227545
0.142245,7.19616,0.54,0.00424357,0.228514
0.14412,7.20407,0.541,0.00430346,0.232548
0.146025,7.21014,0.542,0.00436104,0.233709
0.147195,7.24691,0.543,0.00436483,0.235109
0.149725,7.25907,0.544,0.00437437,0.237006
0.151085,7.29997,0.545,0.00439602,0.24155
0.153125,7.29227,0.546,0.004399,0.240024
0.154645,7.31877,0.547,0.00445172,0.244032
0.1561,7.35206,0.548,0.00442139,0.246328
0.157945,7.37962,0.549,0.00445589,0.248896
0.160965,7.32523,0.55,0.00444926,0.24797
0.162995,7.32962,0.551,0.00453683,0.251186
0.164155,7.3622,0.552,0.00455113,0.256676
0.167185,7.32728,0.553,0.00462002,0.260851
0.17047,7.2187,0.554,0.00464362,0.261304
0.172545,7.24835,0.555,0.00463571,0.263246
0.174695,7.25458,0.556,0.00459735,0.264204
0.177195,7.19716,0.557,0.00465095,0.265095
0.17988,7.12733,0.558,0.00468733,0.256649
0.18351,7.03416,0.559,0.00474559,0.260713
0.185955,6.95963,0.56,0.00473581,0.259569
0.18817,6.97752,0.561,0.00471574,0.264091
0.190205,6.96701,0.562,0.00475982,0.266461
0.19227,6.95653,0.563,0.00475606,0.267125
0.19449,6.95993,0.564,0.00476305,0.275519
0.19642,6.9646,0.565,0.00483615,0.283055
0.199605,6.87612,0.566,0.00479981,0.282648
0.201625,6.86458,0.567,0.00485607,0.283717
0.20396,6.79992,0.568,0.00488403,0.28159
0.20675,6.75958,0.569,0.0048938,0.283408
0.208185,6.76336,0.57,0.00494271,0.287208
0.2106,6.7074,0.571,0.00493776,0.284669
0.21292,6.71282,0.572,0.00490261,0.285422
0.214835,6.70232,0.573,0.00494286,0.28934
0.218045,6.61465,0.574,0.00493623,0.289485
0.220465,6.63123,0.575,0.0049515,0.291887
0.223895,6.48919,0.576,0.00499528,0.288478
0.22635,6.50594,0.577,0.00497563,0.293101
0.228335,6.53586,0.578,0.00501432,0.300875
0.229955,6.57793,0.579,0.00499048,0.306194
0.23276,6.49485,0.58,0.00498378,0.305984
0.236065,6.41976,0.581,0.00504194,0.312767
0.2394,6.33015,0.582,0.00494643,0.311428
0.242885,6.29826,0.583,0.00500094,0.322855
0.244995,6.30652,0.584,0.00500381,0.32581
0.247205,6.29719,0.585,0.00501847,0.327949
0.249635,6.25292,0.586,0.00497282,0.331911
0.251805,6.2445,0.587,0.0050129,0.338699
0.25408,6.28951,0.588,0.00503143,0.349126
0.2554,6.35454,0.589,0.00503616,0.354332
0.25786,6.29126,0.59,0.00505161,0.350121
0.260135,6.28254,0.591,0.00507435,0.352854
0.263755,6.14391,0.592,0.00500743,0.3489
0.26645,6.16313,0.593,0.00502741,0.357822
0.268215,6.19199,0.594,0.00502871,0.3587
0.2714,6.05672,0.595,0.00503531,0.348636
0.273035,6.08802,0.596,0.00505025,0.352651
0.27649,6.015,0.597,0.00501393,0.357408
0.279205,5.99048,0.598,0.00504001,0.363981
0.28215,5.91848,0.599,0.00503147,0.362285
0.28542,5.88461,0.6,0.00502883,0.365988
0.28847,5.78334,0.601,0.00493941,0.362616
0.29176,5.71085,0.602,0.00492363,0.364332
0.2938,5.66766,0.603,0.00486164,0.361185
0.29604,5.67298,0.604,0.00484085,0.3658
0.29912,5.65623,0.605,0.00474241,0.372789
0.30184,5.66798,0.606,0.00476234,0.378276
0.30405,5.76141,0.607,0.00478365,0.410155
0.30675,5.65659,0.608,0.00472004,0.401306
0.31099,5.31362,0.609,0.0046481,0.352026
0.312545,5.30843,0.61,0.00467388,0.353262
0.314325,5.32552,0.611,0.00472971,0.356425
0.317605,5.20857,0.612,0.00456544,0.349932
0.319875,5.22059,0.613,0.00457166,0.365987
0.32275,5.13445,0.614,0.00455067,0.364868
0.32663,4.93106,0.615,0.00450982,0.35414
0.32863,4.9229,0.616,0.00450299,0.356409
0.330625,4.90951,0.617,0.00446426,0.356189
0.333815,4.72931,0.618,0.00452778,0.341525
0.337305,4.62937,0.619,0.0043574,0.32939
0.339205,4.61059,0.62,0.00437112,0.330657
0.342115,4.53507,0.621,0.00432878,0.327661
0.345125,4.38515,0.622,0.00422131,0.299378
0.346795,4.38598,0.623,0.0042194,0.300422
0.34883,4.36457,0.624,0.00425723,0.301756
0.35177,4.37424,0.625,0.0042767,0.324533
0.35431,4.31475,0.626,0.00425517,0.325044
0.35708,4.24242,0.627,0.00433471,0.327168
0.359875,4.23234,0.628,0.0043467,0.331612
0.362585,4.05416,0.629,0.00424893,0.294653
0.364815,4.03987,0.63,0.00427712,0.301097
0.367265,4.004,0.631,0.00417023,0.295892
0.371275,3.75643,0.632,0.00407296,0.266957
0.37479,3.65695,0.633,0.00400537,0.263027
0.377335,3.59235,0.634,0.00396668,0.258055
0.37998,3.50492,0.635,0.00397104,0.254838
0.382155,3.50675,0.636,0.00391827,0.273836
0.38432,3.49529,0.637,0.00390592,0.274965
0.385825,3.51931,0.638,0.0039002,0.280304
0.38798,3.50874,0.639,0.0038905,0.281175
0.389085,3.51641,0.64,0.0038732,0.28168
0.391665,3.4403,0.641,0.00387529,0.277851
0.39323,3.46936,0.642,0.00387773,0.289201
0.39612,3.35366,0.643,0.00384359,0.279048
0.3989,3.2784,0.644,0.00387117,0.277781
0.4015,3.21875,0.645,0.00371082,0.274775
0.4033,3.20162,0.646,0.00371306,0.275115
0.405295,3.18191,0.647,0.00364006,0.268106
0.406965,3.14062,0.648,0.00363349,0.265355
0.408645,3.13324,0.649,0.00364055,0.265308
0.410655,3.11195,0.65,0.00365959,0.266689
0.412435,3.10605,0.651,0.00369232,0.267109
0.414665,3.0638,0.652,0.0036855,0.266728
0.417685,2.92943,0.653,0.00351643,0.253983
0.41915,2.93203,0.654,0.00351547,0.254997
0.42086,2.94828,0.655,0.00350974,0.269454
0.423005,2.87362,0.656,0.00344328,0.261557
0.424635,2.86917,0.657,0.00343297,0.266258
0.426415,2.85377,0.658,0.00343308,0.266917
0.428625,2.81444,0.659,0.00344517,0.266423
0.431175,2.68683,0.66,0.00335712,0.238332
0.43265,2.6745,0.661,0.00327875,0.233738
0.43496,2.63199,0.662,0.00324409,0.234015
0.43682,2.64431,0.663,0.00322717,0.240932
0.43956,2.60552,0.664,0.00319899,0.249429
0.441115,2.597,0.665,0.00320512,0.249728
0.442695,2.60498,0.666,0.00319878,0.257012
0.445015,2.5853,0.667,0.00315423,0.25878
0.44692,2.57658,0.668,0.00312901,0.259007
0.44932,2.50736,0.669,0.00296559,0.248607
0.450875,2.52555,0.67,0.00295475,0.252229
0.45207,2.54761,0.671,0.00295013,0.269128
0.453865,2.54212,0.672,0.00292853,0.269469
0.45545,2.55802,0.673,0.00295569,0.293972
0.45716,2.55185,0.674,0.00296567,0.297012
0.46031,2.43642,0.675,0.0028561,0.289341
0.462295,2.44589,0.676,0.00286137,0.293639
0.46436,2.41743,0.677,0.00282973,0.292944
0.466885,2.35974,0.678,0.00278189,0.292186
0.469725,2.27497,0.679,0.00265984,0.305382
0.472705,1.96293,0.68,0.00240471,0.0726903
0.474415,1.94674,0.681,0.00240766,0.0732251
0.47727,1.87786,0.682,0.0023305,0.0613782
0.47869,1.87398,0.683,0.00230598,0.0612741
0.48065,1.85469,0.684,0.00230215,0.0611611
0.48209,1.8449,0.685,0.00229076,0.0608957
0.483715,1.83298,0.686,0.00229972,0.0612083
0.485015,1.83138,0.687,0.00230741,0.0621314
0.48648,1.82731,0.688,0.00231974,0.0624682
0.48812,1.82314,0.689,0.00231487,0.0626666
0.48998,1.81395,0.69,0.00232559,0.0631087
0.491945,1.79134,0.691,0.00228894,0.0617169
0.494375,1.75713,0.692,0.00226126,0.0595403
0.495675,1.75833,0.693,0.00225777,0.0599567
0.497245,1.75083,0.694,0.00225566,0.0601248
0.498985,1.74353,0.695,0.0022579,0.0618255
0.50072,1.72838,0.696,0.00226234,0.0615632
0.502345,1.70751,0.697,0.0022409,0.059994
0.50391,1.70259,0.698,0.00224352,0.0605674
0.50536,1.69322,0.699,0.00221792,0.059339
0.506985,1.67285,0.7,0.00220621,0.0582402
0.50916,1.64763,0.701,0.0021299,0.0559935
0.510535,1.63036,0.702,0.00205904,0.0515146
0.512165,1.61806,0.703,0.00205022,0.0517585
0.5141,1.60316,0.704,0.00203781,0.0517745
0.51545,1.60056,0.705,0.00203101,0.0519192
0.516935,1.59039,0.706,0.00203203,0.0519039
0.518955,1.56745,0.707,0.00193433,0.0491994
0.520935,1.54648,0.708,0.00189942,0.0479789
0.52243,1.53872,0.709,0.00185713,0.0476208
0.52393,1.53074,0.71,0.00180954,0.0456796
0.52558,1.51679,0.711,0.0017832,0.0452627
0.52698,1.5042,0.712,0.00176363,0.0449061
0.52829,1.49488,0.713,0.00176888,0.0447958
0.53004,1.48619,0.714,0.00176476,0.0471876
0.53152,1.47863,0.715,0.0017702,0.0471551
0.533155,1.46411,0.716,0.00175793,0.0465203
0.534545,1.45673,0.717,0.00176208,0.046612
0.53605,1.45086,0.718,0.00177912,0.0470396
0.537705,1.44475,0.719,0.00176369,0.04728
0.53937,1.43106,0.72,0.00175166,0.0470666
0.541015,1.42384,0.721,0.00173287,0.0470753
0.542575,1.41584,0.722,0.0017397,0.0472626
0.544085,1.40266,0.723,0.0017019,0.0464109
0.54596,1.37501,0.724,0.00165676,0.0442115
0.54754,1.36615,0.725,0.00164364,0.0442717
0.548965,1.34876,0.726,0.00158057,0.035287
0.550755,1.31869,0.727,0.00155048,0.0316317
0.55215,1.31228,0.728,0.00155376,0.0315811
0.55339,1.3078,0.729,0.00154037,0.0313376
0.554975,1.30015,0.73,0.00151229,0.0312431
0.556315,1.29607,0.731,0.00149525,0.0312788
0.55761,1.29127,0.732,0.00151154,0.0314061
0.55909,1.2829,0.733,0.00151815,0.0314388
0.56101,1.26335,0.734,0.00151251,0.0301568
0.562305,1.25751,0.735,0.00152141,0.0302831
0.56388,1.24689,0.736,0.00152348,0.0301509
0.565625,1.22625,0.737,0.00149929,0.0286817
0.56757,1.21037,0.738,0.00149654,0.0285676
0.568975,1.20465,0.739,0.00149581,0.0285132
0.570185,1.1971,0.74,0.00147388,0.0283887
0.57141,1.19406,0.741,0.00147207,0.0287597
0.572685,1.18905,0.742,0.00148874,0.029352
0.573985,1.17946,0.743,0.00146494,0.0286247
0.57564,1.16019,0.744,0.00147723,0.0274022
0.57705,1.15081,0.745,0.00149496,0.0273903
0.57852,1.14529,0.746,0.00150032,0.0277219
0.57965,1.14061,0.747,0.00150483,0.0276767
0.58074,1.13689,0.748,0.00148436,0.0275401
0.58223,1.12271,0.749,0.00147426,0.0262754
0.5836,1.11732,0.75,0.00148063,0.0262465
0.58486,1.10935,0.751,0.00148657,0.0261848
0.586315,1.09712,0.752,0.00148144,0.0257835
0.587615,1.09106,0.753,0.00148564,0.0257663
0.589115,1.07152,0.754,0.00147052,0.0205927
0.590325,1.06841,0.755,0.00149306,0.0208716
0.59188,1.06142,0.756,0.00149397,0.0210122
0.59284,1.05998,0.757,0.00148746,0.020964
0.593855,1.0562,0.758,0.00147108,0.0207909
0.5955,1.04334,0.759,0.00146916,0.0200585
0.596815,1.0392,0.76,0.00146066,0.0201704
0.59825,1.03098,0.761,0.00144564,0.0197002
0.599575,1.02548,0.762,0.00143358,0.0194728
0.60083,1.01963,0.763,0.00143473,0.0192224
0.60182,1.01588,0.764,0.00143334,0.0192177
0.60324,1.00469,0.765,0.00143221,0.0185447
0.6048,0.99409,0.766,0.00144222,0.0185784
0.605775,0.989425,0.767,0.00144845,0.0184149
0.607255,0.980625,0.768,0.0014093,0.0178658
0.60848,0.97486,0.769,0.00141414,0.0180007
0.60937,0.97278,0.77,0.00141182,0.0179471
0.610555,0.968675,0.771,0.00140231,0.0178555
0.611835,0.961535,0.772,0.00139622,0.0178812
0.61299,0.95679,0.773,0.00138724,0.0178005
0.61423,0.94783,0.774,0.00135761,0.0166971
0.6154,0.93944,0.775,0.00134493,0.016037
0.6166,0.9348,0.776,0.00133817,0.016021
0.61763,0.93172,0.777,0.00133021,0.0159081
0.61877,0.92694,0.778,0.00133096,0.0159187
0.62005,0.92183,0.779,0.00131418,0.0155946
0.62126,0.91514,0.78,0.00132048,0.0152759
0.62231,0.91056,0.781,0.00132035,0.0151926
0.623645,0.905365,0.782,0.00131859,0.015233
0.62465,0.90252,0.783,0.00133405,0.0153425
0.625755,0.896535,0.784,0.00130082,0.0146409
0.627045,0.888425,0.785,0.00128079,0.0143262
0.62804,0.88503,0.786,0.00127699,0.0144314
0.62889,0.88424,0.787,0.00126077,0.0144315
0.62997,0.88086,0.788,0.00124672,0.0143937
0.6312,0.87807,0.789,0.00124072,0.0143102
0.63246,0.87219,0.79,0.00126683,0.0144694
0.63345,0.87093,0.791,0.0012654,0.0146186
0.63492,0.86359,0.792,0.00125966,0.0145309
0.636115,0.859995,0.793,0.00125596,0.0144931
0.63747,0.85306,0.794,0.00127632,0.0146486
0.638695,0.845595,0.795,0.00127542,0.0145319
0.639605,0.843315,0.796,0.0012585,0.0143696
0.640995,0.836985,0.797,0.00125737,0.0139044
0.642085,0.832445,0.798,0.00125702,0.013659
0.64358,0.82059,0.799,0.00125651,0.0133585
0.644785,0.814645,0.8,0.00126077,0.0132292
0.645675,0.813215,0.801,0.00126709,0.0133043
0.646825,0.808785,0.802,0.00127601,0.0133195
0.647725,0.806175,0.803,0.00128929,0.0133925
0.648785,0.801885,0.804,0.00127395,0.0133131
0.649705,0.799235,0.805,0.00127793,0.0133952
0.650775,0.797065,0.806,0.00129091,0.0139937
0.65177,0.79455,0.807,0.00130139,0.0139046
0.652795,0.791175,0.808,0.00129666,0.0138627
0.653705,0.788205,0.809,0.00129352,0.0138379
0.654755,0.785075,0.81,0.00127481,0.0138101
0.655605,0.782745,0.811,0.00128399,0.0139444
0.65638,0.78165,0.812,0.00127908,0.0139382
0.657425,0.777085,0.813,0.00128206,0.0139249
0.658395,0.773885,0.814,0.00128882,0.0141013
0.659745,0.765475,0.815,0.00129469,0.014069
0.660965,0.759185,0.816,0.00130202,0.0140481
0.662,0.75355,0.817,0.00127236,0.0136011
0.66315,0.74916,0.818,0.0012775,0.0136487
0.664205,0.744405,0.819,0.00128079,0.013587
0.665135,0.740945,0.82,0.00127267,0.013501
0.665935,0.738585,0.821,0.00126991,0.0133985
0.66698,0.73518,0.822,0.00126177,0.0134297
0.668295,0.726795,0.823,0.00125806,0.013254
0.669415,0.719075,0.824,0.00123279,0.012574
0.67047,0.71482,0.825,0.0012392,0.0125212
0.671325,0.713085,0.826,0.00122179,0.0124528
0.67219,0.70988,0.827,0.0012123,0.0123909
0.673235,0.705535,0.828,0.00118237,0.0119425
0.674235,0.701805,0.829,0.00117349,0.0118552
0.67516,0.69913,0.83,0.00116702,0.0118332
0.676015,0.697435,0.831,0.00117344,0.0118696
0.676855,0.697035,0.832,0.00118503,0.0121096
0.67778,0.69512,0.833,0.00118997,0.0121037
0.67879,0.69197,0.834,0.00118622,0.012066
0.67979,0.6879,0.835,0.00120014,0.0121754
0.68059,0.68602,0.836,0.00119495,0.0121317
0.68166,0.68212,0.837,0.00119953,0.0121288
0.682665,0.679375,0.838,0.00118377,0.0121338
0.683415,0.678445,0.839,0.00117869,0.0121884
0.68456,0.67008,0.84,0.00119401,0.0114128
0.685505,0.667025,0.841,0.001192,0.0114514
0.686355,0.664885,0.842,0.00119092,0.0114771
0.687215,0.662575,0.843,0.00120532,0.0116106
0.68801,0.66008,0.844,0.00120071,0.0115176
0.689065,0.656225,0.845,0.00119667,0.0114047
0.69004,0.65192,0.846,0.00118872,0.0112808
0.69098,0.64762,0.847,0.00117264,0.0109557
0.69175,0.6455,0.848,0.00117989,0.010993
0.69269,0.64155,0.849,0.00117775,0.0109429
0.693375,0.640175,0.85,0.00117833,0.0109536
0.694315,0.636955,0.851,0.0011681,0.0108459
0.695095,0.634225,0.852,0.00116143,0.0107166
0.696125,0.629205,0.853,0.00115956,0.0105244
0.69702,0.62606,0.854,0.00116522,0.0105218
0.6979,0.62473,0.855,0.00117251,0.010573
0.6987,0.62291,0.856,0.00117328,0.0105655
0.699675,0.618665,0.857,0.00116367,0.0104082
0.7006,0.61597,0.858,0.00117201,0.0105173
0.70138,0.61402,0.859,0.00117955,0.0104649
0.70224,0.611,0.86,0.00117446,0.0104426
0.70323,0.60757,0.861,0.00117347,0.0104428
0.704315,0.602955,0.862,0.00118484,0.0104611
0.70539,0.60005,0.863,0.00117212,0.0104845
0.70616,0.59834,0.864,0.00117072,0.0104616
0.70716,0.59449,0.865,0.00116893,0.0104333
0.70789,0.59207,0.866,0.0011689,0.0105068
0.708595,0.590305,0.867,0.00117292,0.0104683
0.709305,0.588935,0.868,0.00116876,0.0104818
0.710305,0.585945,0.869,0.00116897,0.0105423
0.711235,0.580185,0.87,0.00116987,0.0100534
0.71205,0.57842,0.871,0.00116316,0.0100797
0.71294,0.57554,0.872,0.00116485,0.0100691
0.713845,0.573495,0.873,0.00114699,0.0099762
0.714875,0.568895,0.874,0.00116179,0.0100223
0.715675,0.567435,0.875,0.00116405,0.0100563
0.716515,0.565665,0.876,0.00115999,0.0100185
0.7173,0.5628,0.877,0.00115847,0.0098991
0.718095,0.559865,0.878,0.00115636,0.00985626
0.718705,0.558475,0.879,0.00116284,0.00986496
0.71943,0.55759,0.88,0.00117048,0.00997105
0.72031,0.55339,0.881,0.00115377,0.00979201
0.721075,0.550275,0.882,0.00114534,0.00950801
0.72191,0.54815,0.883,0.00114697,0.00951817
0.722635,0.545375,0.884,0.00114548,0.00935071
0.72338,0.54318,0.885,0.00113409,0.00928417
0.724195,0.538835,0.886,0.00113681,0.00911915
0.72505,0.53479,0.887,0.00113845,0.00882497
0.725805,0.532825,0.888,0.00115161,0.00888762
0.726445,0.531685,0.889,0.00114691,0.00889734
0.727115,0.529995,0.89,0.00114005,0.00894032
0.727805,0.528515,0.891,0.00114261,0.00896442
0.72851,0.52652,0.892,0.00113259,0.00890185
0.72931,0.52381,0.893,0.00113165,0.00886106
0.73017,0.51974,0.894,0.00111389,0.00863984
0.730865,0.518815,0.895,0.00111713,0.00870366
0.73172,0.51622,0.896,0.00110549,0.00862491
0.732405,0.515065,0.897,0.0011024,0.00866329
0.73302,0.51367,0.898,0.00109551,0.00865714
0.73391,0.51089,0.899,0.00109136,0.00861948
0.73486,0.50711,0.9,0.00108612,0.00852386
0.73554,0.50534,0.901,0.00107081,0.00846014
0.736395,0.501725,0.902,0.00106422,0.00832364
0.737055,0.498965,0.903,0.00106056,0.00813735
0.737725,0.497725,0.904,0.00104962,0.00808895
0.738585,0.494565,0.905,0.00105028,0.00808663
0.739205,0.492625,0.906,0.00104351,0.00805602
0.739755,0.491995,0.907,0.00104375,0.00807258
0.740395,0.490345,0.908,0.00105542,0.00808221
0.741045,0.488175,0.909,0.00103926,0.00806206
0.741575,0.487385,0.91,0.00104004,0.00806933
0.742465,0.484285,0.911,0.0010347,0.00804624
0.743275,0.481905,0.912,0.00103676,0.00804399
0.744025,0.479165,0.913,0.00102171,0.00794768
0.744805,0.476295,0.914,0.00101555,0.00773256
0.745455,0.475425,0.915,0.00101169,0.00771925
0.74593,0.47544,0.916,0.00101265,0.00780579
0.746415,0.474705,0.917,0.00101338,0.007795
0.747175,0.471915,0.918,0.00101259,0.00781728
0.747945,0.470295,0.919,0.00101593,0.00777603
0.74875,0.4672,0.92,0.00100112,0.00761489
0.749385,0.465215,0.921,0.00100778,0.00764041
0.75002,0.46417,0.922,0.000998113,0.00761898
0.750625,0.463205,0.923,0.00100769,0.00765037
0.75123,0.46208,0.924,0.00100253,0.00767761
0.75188,0.46072,0.925,0.00101071,0.00767766
0.752685,0.458415,0.926,0.00100715,0.00762294
0.753355,0.454645,0.927,0.00100073,0.00711822
0.753925,0.453545,0.928,0.00100203,0.0071945
0.75462,0.45204,0.929,0.00100378,0.00719801
0.75532,0.45013,0.93,0.000999718,0.00716532
0.756125,0.447305,0.931,0.000995945,0.00712501
0.757005,0.444535,0.932,0.00100109,0.00716738
0.75765,0.4433,0.933,0.000993262,0.00718905
0.75821,0.44183,0.934,0.000985385,0.00707444
0.758905,0.439935,0.935,0.000991512,0.00713119
0.759585,0.438155,0.936,0.00100247,0.00716038
0.760445,0.435795,0.937,0.000998408,0.00712552
0.76111,0.43475,0.938,0.00100042,0.00718067
0.761765,0.433635,0.939,0.000999019,0.00715551
0.76228,0.43263,0.94,0.00099484,0.00714896
0.76292,0.43068,0.941,0.00100282,0.00716559
0.76351,0.42969,0.942,0.000999246,0.00717746
0.76414,0.42762,0.943,0.000983662,0.00690839
0.764655,0.426465,0.944,0.000986838,0.00693833
0.76527,0.42433,0.945,0.000992173,0.006908
0.765845,0.423205,0.946,0.000991752,0.00690816
0.766705,0.417075,0.947,0.000969764,0.00615202
0.767185,0.416425,0.948,0.000972384,0.00617111
0.767785,0.414345,0.949,0.00097892,0.00619873
0.768295,0.413535,0.95,0.000977249,0.0062064
0.768905,0.412615,0.951,0.000976446,0.0062833
0.76958,0.40982,0.952,0.000970012,0.00587687
0.770185,0.408235,0.953,0.000976201,0.00615711
0.77085,0.40561,0.954,0.000988419,0.0061345
0.77148,0.40378,0.955,0.000970778,0.00587076
0.772235,0.400965,0.956,0.000968187,0.00589516
0.772865,0.399545,0.957,0.000968049,0.00591848
0.77329,0.39918,0.958,0.000973766,0.00593128
0.773875,0.398205,0.959,0.000964337,0.0059074
0.77457,0.39609,0.96,0.000968382,0.00588707
0.77518,0.3943,0.961,0.000966805,0.00589495
0.77557,0.39397,0.962,0.000966824,0.00592282
0.776145,0.392665,0.963,0.000966691,0.00591509
0.776645,0.391695,0.964,0.00096225,0.00589133
0.77721,0.39047,0.965,0.000960491,0.00589141
0.777645,0.389795,0.966,0.000957538,0.00587233
0.77807,0.38974,0.967,0.000959939,0.00592267
0.77882,0.38732,0.968,0.000950952,0.00587111
0.77949,0.38506,0.969,0.000941158,0.00579716
0.780225,0.381935,0.97,0.000937532,0.00560796
0.780725,0.381015,0.971,0.000941957,0.0055994
0.781205,0.379985,0.972,0.000945986,0.00560176
0.7818,0.37862,0.973,0.000933115,0.00549354
0.782335,0.378105,0.974,0.000935274,0.00549531
0.782995,0.376465,0.975,0.000940798,0.00557356
0.783775,0.373205,0.976,0.000945006,0.00557927
0.78444,0.37145,0.977,0.000940294,0.00553622
0.78504,0.36969,0.978,0.00094046,0.00549973
0.785595,0.368265,0.979,0.000936826,0.0054339
0.786065,0.367455,0.98,0.000938915,0.00548138
0.786615,0.366505,0.981,0.000944002,0.00547251
0.787195,0.366065,0.982,0.000934667,0.00548413
0.787845,0.362065,0.983,0.000941855,0.00513214
0.78845,0.36057,0.984,0.000939629,0.00512808
0.78906,0.35905,0.985,0.00093617,0.00512698
0.78955,0.35816,0.986,0.00093738,0.00512426
0.790335,0.354995,0.987,0.000937983,0.00497026
0.791025,0.352705,0.988,0.000934607,0.00497475
0.79164,0.35101,0.989,0.000936905,0.00495745
0.792095,0.350225,0.99,0.00093488,0.00495845
0.79272,0.34858,0.991,0.00093988,0.00489436
0.793385,0.346645,0.992,0.000938155,0.00493741
0.79385,0.34635,0.993,0.000937728,0.00495801
0.79422,0.34582,0.994,0.00093873,0.00496214
0.79475,0.3444,0.995,0.00093106,0.00481469
0.79547,0.3416,0.996,0.000914702,0.00467673
0.796025,0.340035,0.997,0.000920057,0.00470501
0.79661,0.33855,0.998,0.000930467,0.00474472
0.79707,0.3377,0.999,0.000935683,0.00475125
0.797515,0.336865,1,0.000935803,0.00472259
